name: /cluster/projects/nn8013k/programs/miniconda3/envs/hifiadapterfilt
channels:
  - bioconda
  - conda-forge
dependencies:
  - _libgcc_mutex=0.1=conda_forge
  - _openmp_mutex=4.5=1_gnu
  - bamtools=2.5.2=hd03093a_0
  - blast=2.12.0=hf3cf87c_4
  - bzip2=1.0.8=h7f98852_4
  - c-ares=1.18.1=h7f98852_0
  - ca-certificates=2021.10.8=ha878542_0
  - curl=7.82.0=h2283fc2_0
  - entrez-direct=16.2=he881be0_0
  - keyutils=1.6.1=h166bdaf_0
  - krb5=1.19.3=h08a2579_0
  - libcurl=7.82.0=h2283fc2_0
  - libedit=3.1.20191231=he28a2e2_2
  - libev=4.33=h516909a_1
  - libgcc-ng=11.2.0=h1d223b6_14
  - libgomp=11.2.0=h1d223b6_14
  - libnghttp2=1.47.0=he49606f_0
  - libnsl=2.0.0=h7f98852_0
  - libssh2=1.10.0=ha35d2d1_2
  - libstdcxx-ng=11.2.0=he4da1e4_14
  - libzlib=1.2.11=h36c2ea0_1013
  - ncurses=6.3=h9c3ff4c_0
  - openssl=3.0.0=h7f98852_2
  - pcre=8.45=h9c3ff4c_0
  - perl=5.32.1=2_h7f98852_perl5
  - perl-archive-tar=2.40=pl5321hdfd78af_0
  - perl-carp=1.50=pl5321hd8ed1ab_0
  - perl-common-sense=3.75=pl5321hdfd78af_0
  - perl-compress-raw-bzip2=2.101=pl5321h87f3376_1
  - perl-compress-raw-zlib=2.101=pl5321h87f3376_2
  - perl-encode=3.16=pl5321hec16e2b_1
  - perl-exporter=5.74=pl5321hd8ed1ab_0
  - perl-exporter-tiny=1.002002=pl5321hdfd78af_0
  - perl-extutils-makemaker=7.64=pl5321hd8ed1ab_0
  - perl-io-compress=2.102=pl5321h87f3376_1
  - perl-io-zlib=1.11=pl5321hdfd78af_0
  - perl-json=4.05=pl5321hdfd78af_0
  - perl-json-xs=2.34=pl5321h9f5acd7_5
  - perl-list-moreutils=0.430=pl5321hdfd78af_0
  - perl-list-moreutils-xs=0.430=pl5321hec16e2b_1
  - perl-parent=0.238=pl5321hd8ed1ab_0
  - perl-pathtools=3.75=pl5321hec16e2b_3
  - perl-scalar-list-utils=1.62=pl5321hec16e2b_0
  - perl-types-serialiser=1.01=pl5321hdfd78af_0
  - pigz=2.6=h27826a3_0
  - zlib=1.2.11=h36c2ea0_1013
prefix: /cluster/projects/nn8013k/programs/miniconda3/envs/hifiadapterfilt
